******** CONFIGURAÇÃO DE PARALELISMO **************

Número de jobs: 4
Tipo de backend utilizado:  multiprocessing

******** CONFIGURAÇÃO DE PARALELISMO **************


# Elapsed time   CPU (%)     Real (MB)   Virtual (MB)
       0.000        0.000      163.051     1197.324
       0.007        0.000      163.051     1197.324
       0.015        1.256      163.051     1197.324
       0.023        0.000      163.051     1197.324
       0.024        0.000      163.051     1197.324
       0.024        0.000      163.051     1197.324
       0.025        0.000      163.051     1197.324
       0.025        0.000      163.051     1197.324
       0.026        0.000      163.051     1197.324
       0.039        0.000      163.051     1197.324
       0.043        0.000      163.051     1197.324
       0.045        0.000      163.051     1197.324
       0.045        0.000      163.051     1197.324
       0.046        0.000      163.051     1197.324
       0.046        0.000      163.051     1197.324
       0.050        0.000      163.051     1197.324
       0.053        0.000      163.051     1197.324
       0.059        0.000      163.051     1197.324
       0.060        0.000      163.051     1197.324
       0.064        0.000      163.051     1197.324
       0.064       20.466      163.051     1197.324
       0.065        0.000      163.051     1197.324
       0.065        0.000      163.051     1197.324
       0.066        0.000      163.051     1197.324
       0.066        0.000      163.051     1197.324
       0.086        0.000      163.051     1197.324
       0.099        0.000      163.051     1197.324
       0.099        0.000      163.051     1197.324
       0.100        0.000      163.051     1197.324
       0.104        0.000      163.051     1197.324
       0.105        0.000      163.051     1197.324
       0.105        0.000      163.051     1197.324
       0.106        0.000      163.051     1197.324
       0.106        0.000      163.051     1197.324
       0.122        0.000      163.051     1197.324
       0.122        0.000      163.051     1197.324
       0.124        0.000      163.051     1197.324
       0.124        0.000      163.051     1197.324
       0.125       20.524      163.051     1197.324
       0.125        0.000      163.051     1197.324
       0.126        0.000      163.051     1197.324
       0.126        0.000      163.051     1197.324
       0.139        0.000      163.051     1197.324
       0.139        0.000      163.051     1197.324
       0.143        0.000      163.051     1197.324
       0.143        0.000      163.051     1197.324
       0.144        0.000      163.051     1197.324
       0.144        0.000      163.051     1197.324
       0.145        0.000      163.051     1197.324
       0.151        0.000      163.051     1197.324
       0.151        0.000      163.051     1197.324
       0.152        0.000      163.051     1197.324
       0.152        0.000      163.051     1197.324
       0.164        0.000      163.051     1197.324
       0.164        0.000      163.051     1197.324
       0.165        0.000      163.051     1197.324
       0.165        0.000      163.051     1197.324
       0.166       20.495      163.051     1197.324
       0.166        0.000      163.051     1197.324
       0.175        0.000      163.051     1197.324
       0.176        0.000      163.051     1197.324
       0.176        0.000      163.051     1197.324
       0.177        0.000      163.051     1197.324
       0.181        0.000      163.051     1197.324
       0.182        0.000      163.051     1197.324
       0.182        0.000      163.051     1197.324
       0.202        0.000      163.051     1197.324
       0.211        0.000      163.051     1197.324
       0.212        0.000      163.051     1197.324
       0.213        0.000      163.051     1197.324
       0.217        0.000      163.051     1197.324
       0.217        0.000      163.051     1197.324
       0.218        0.000      163.051     1197.324
       0.218        0.000      163.051     1197.324
       0.229        0.867      163.051     1197.324
       0.230        0.000      163.051     1197.324
       0.238        0.000      163.051     1197.324
       0.238        0.000      163.051     1197.324
       0.245        0.000      163.051     1197.324
       0.255        0.000      163.051     1197.324
       0.255        0.000      163.051     1197.324
       0.256        0.000      163.051     1197.324
       0.262        0.000      163.051     1197.324
       0.262        0.000      163.051     1197.324
       0.263        0.000      163.191     1197.324
       0.278        0.000      163.191     1197.324
       0.279        0.000      163.191     1197.324
       0.288        0.000      163.191     1197.324
       0.289        0.000      163.191     1197.324
       0.289        0.000      163.191     1197.324
       0.290        0.000      163.191     1197.324
       0.307        0.000      163.191     1197.324
       0.307        0.000      163.191     1197.324
       0.308        0.600      163.191     1197.324
       0.325        0.000      163.191     1197.324
       0.325        0.000      163.191     1197.324
       0.327        0.000      163.191     1197.324
       0.330        0.000      163.191     1197.324
       0.331        0.000      163.191     1197.324
       0.340        0.000      163.191     1197.324
       0.342        0.000      163.191     1197.324
       0.343        0.000      163.191     1197.324
       0.344        0.000      163.191     1197.324
       0.344        0.000      163.191     1197.324
       0.345        0.000      163.191     1197.324
       0.345        0.000      163.191     1197.324
       0.346        0.000      163.191     1197.324
       0.363        0.000      163.191     1197.324
       0.363        0.000      163.191     1197.324
       0.364        0.000      163.191     1197.324
       0.364        0.000      163.191     1197.324
       0.365       20.366      163.191     1197.324
       0.365        0.000      163.191     1197.324
       0.366        0.000      163.191     1197.324
       0.366        0.000      163.191     1197.324
       0.390        0.000      163.191     1197.324
       0.395        0.000      163.191     1197.324
       0.396        0.000      163.191     1197.324
       0.411        0.000      163.191     1197.324
       0.411        0.000      163.191     1197.324
       0.412        0.000      163.191     1197.324
       0.412        0.000      163.191     1197.324
       0.420        0.000      163.191     1197.324
       0.421        0.000      163.191     1197.324
       0.436        0.000      163.191     1197.324
       0.440        0.000      163.191     1197.324
       0.443        0.000      163.191     1197.324
       0.443       19.253      163.191     1197.324
       0.444        0.000      163.191     1197.324
       0.444        0.000      163.191     1197.324
       0.445        0.000      163.191     1197.324
       0.470        0.000      163.191     1197.324
       0.471        0.000      163.191     1197.324
       0.471        0.000      163.191     1197.324
       0.472        0.000      163.191     1197.324
       0.472        0.000      163.191     1197.324
       0.473        0.000      163.191     1197.324
       0.473        0.000      163.191     1197.324
       0.474        0.000      163.191     1197.324
       0.474        0.000      163.191     1197.324
       0.486        0.000      163.191     1197.324
       0.499        0.000      163.191     1197.324
       0.509        0.000      163.191     1197.324
       0.509        0.000      163.191     1197.324
       0.510        0.000      163.191     1197.324
       0.510       20.286      163.191     1197.324
       0.522        0.000      163.191     1197.324
       0.539        0.000      163.191     1197.324
       0.539        0.000      163.191     1197.324
       0.542        0.000      163.191     1197.324
       0.548        0.000      163.191     1197.324
       0.554        0.000      163.191     1197.324
       0.555        0.000      163.191     1197.324
       0.555        0.000      163.191     1197.324
       0.556        0.000      163.191     1197.324
       0.556        0.000      163.191     1197.324
       0.557        0.000      163.191     1197.324
       0.557        0.000      163.191     1197.324
       0.558        0.000      163.191     1197.324
       0.558        0.000      163.191     1197.324
       0.575        0.000      163.191     1197.324
       0.575        0.000      163.191     1197.324
       0.583        1.204      163.191     1197.324
       0.584        0.000      163.191     1197.324
       0.594        0.000      163.191     1197.324
       0.599        0.000      163.191     1197.324
       0.600        0.000      163.191     1197.324
       0.600        0.000      163.191     1197.324
       0.601        0.000      163.191     1197.324
       0.601        0.000      163.191     1197.324
       0.622        0.000      163.191     1197.324
       0.632        0.000      163.191     1197.324
       0.633       20.186      163.191     1197.324
       0.633        0.000      163.191     1197.324
       0.641        0.000      163.191     1197.324
       0.649        0.000      163.191     1197.324
       0.650        0.000      163.191     1197.324
       0.650        0.000      163.191     1197.324
       0.655        0.000      163.191     1197.324
       0.656        0.000      163.191     1197.324
       0.671        0.000      163.191     1197.324
       0.671        0.000      163.191     1197.324
       0.672        0.000      163.191     1197.324
       0.672        0.000      163.191     1197.324
       0.673        0.000      163.191     1197.324
       0.673        0.000      163.191     1197.324
       0.674        0.000      163.191     1197.324
       0.674        0.000      163.191     1197.324
       0.701        0.000      163.191     1197.324
       0.701       20.152      163.191     1197.324
       0.711        0.000      163.191     1197.324
       0.711        0.000      163.191     1197.324
       0.712        0.000      163.191     1197.324
       0.712        0.000      163.191     1197.324
       0.713        0.000      163.191     1197.324
       0.713        0.000      163.191     1197.324
       0.714        0.000      163.191     1197.324
       0.714        0.000      163.191     1197.324
       0.722        0.000      163.191     1197.324
       0.727        0.000      163.191     1197.324
       0.727        0.000      163.191     1197.324
       0.728        0.000      163.191     1197.324
       0.728        0.000      163.191     1197.324
       0.735        0.000      163.191     1197.324
       0.735        0.000      163.191     1197.324
       0.736        0.000      163.191     1197.324
       0.736        0.000      163.191     1197.324
       0.737        0.000      163.191     1197.324
       0.737       20.311      163.191     1197.324
       0.738        0.000      163.191     1197.324
       0.738        0.000      163.191     1197.324
       0.751        0.000      163.191     1197.324
       0.752        0.000      163.191     1197.324
       0.752        0.000      163.191     1197.324
       0.753        0.000      163.191     1197.324
       0.753        0.000      163.191     1197.324
       0.762        0.000      163.191     1197.324
       0.762        0.000      163.191     1197.324
       0.763        0.000      163.191     1197.324
       0.763        0.000      163.191     1197.324
       0.764        0.000      163.191     1197.324
       0.764        0.000      163.191     1197.324
       0.765        0.000      163.191     1197.324
       0.765        0.000      163.191     1197.324
       0.766        0.000      163.191     1197.324
       0.766        0.000      163.191     1197.324
       0.779        0.000      163.191     1197.324
       0.782        0.000      163.191     1197.324
       0.783        0.000      163.191     1197.324
       0.783        0.000      163.191     1197.324
       0.787        0.000      163.191     1197.324
       0.787        0.000      163.191     1197.324
       0.788        0.000      163.191     1197.324
       0.788        0.000      163.191     1197.324
       0.789        0.000      163.191     1197.324
       0.800        0.000      163.191     1197.324
       0.801        0.000      163.191     1197.324
       0.802        0.000      163.191     1197.324
       0.807        9.255      163.191     1197.324
       0.808        0.000      163.191     1197.324
       0.808        0.000      163.191     1197.324
       0.809        0.000      163.191     1197.324
       0.809        0.000      163.191     1197.324
       0.810        0.000      163.191     1197.324
       0.813        0.000      163.191     1197.324
       0.813        0.000      163.191     1197.324
       0.814        0.000      163.191     1197.324
       0.814        0.000      163.191     1197.324
       0.821        0.000      163.191     1197.324
       0.821        0.000      163.191     1197.324
       0.821        0.000      163.191     1197.324
       0.827        0.000      163.191     1197.324
       0.827        0.000      163.191     1197.324
       0.828        0.000      163.191     1197.324
       0.828        0.000      163.191     1197.324
       0.832        0.000      163.191     1197.324
       0.835        0.000      163.191     1197.324
       0.835        0.000      163.191     1197.324
       0.840       18.414      163.191     1197.324
       0.842        0.000      163.191     1197.324
       0.842        0.000      163.191     1197.324
       0.846        0.000      163.191     1197.324
       0.846        0.000      163.191     1197.324
       0.851        0.000      163.191     1197.324
       0.851        0.000      163.191     1197.324
       0.852        0.000      163.191     1197.324
       0.852        0.000      163.191     1197.324
       0.855        0.000      163.191     1197.324
       0.856        0.000      163.191     1197.324
       0.863        0.000      163.191     1197.324
       0.863        0.000      163.191     1197.324
       0.864        0.000      163.191     1197.324
       0.864        0.000      163.191     1197.324
       0.865        0.000      163.191     1197.324
       0.865        0.000      163.191     1197.324
       0.866        0.000      163.191     1197.324
       0.866        0.000      163.191     1197.324
       0.873        0.000      163.191     1197.324
       0.873       16.906      163.191     1197.324
       0.874        0.000      163.191     1197.324
       0.879        0.000      163.191     1197.324
       0.880        0.000      163.191     1197.324
       0.880        0.000      163.191     1197.324
       0.884        0.000      163.191     1197.324
       0.884        0.000      163.191     1197.324
       0.885        0.000      163.191     1197.324
       0.885        0.000      163.191     1197.324
       0.886        0.000      163.191     1197.324
       0.886        0.000      163.191     1197.324
       0.894        0.000      163.191     1197.324
       0.895       20.067      163.191     1197.324
       0.896        0.000      163.191     1197.324
       0.896        0.000      163.191     1197.324
       0.897        0.000      163.191     1197.324
       0.897        0.000      163.191     1197.324
       0.898        0.000      163.191     1197.324
       0.898        0.000      163.191     1197.324
       0.899        0.000      163.191     1197.324
       0.910        0.000      163.191     1197.324
       0.914        0.000      163.191     1197.324
       0.914        0.000      163.285     1197.574
       0.915        0.000      163.285     1197.574
       0.915        0.000      163.285     1197.574
       0.916        0.000      163.285     1197.574
       0.916       20.381      163.285     1197.574
       0.917        0.000      163.285     1197.574
       0.917        0.000      163.285     1197.574
       0.918        0.000      163.285     1197.574
       0.918        0.000      163.285     1197.574
       0.929        0.000      163.285     1197.574
       0.930        0.000      163.285     1197.574
       0.930        0.000      163.285     1197.574
       0.934        0.000      163.285     1197.574
       0.935        0.000      163.285     1197.574
       0.936        0.000      163.285     1197.574
       0.936        0.000      163.285     1197.574
       0.937        0.000      163.285     1197.574
       0.937        0.000      163.285     1197.574
       0.938        0.000      163.285     1197.574
       0.938        0.000      163.285     1197.574
       0.939        0.000      163.285     1197.574
       0.951        0.000      163.285     1197.574
       0.952        0.000      163.285     1197.574
       0.954        0.000      163.285     1197.574
       0.959        0.000      163.285     1197.574
       0.959        0.000      163.285     1197.574
       0.960        0.000      163.285     1197.574
       0.960       20.299      163.285     1197.574
       0.961        0.000      163.285     1197.574
       0.965        0.000      163.285     1197.574
       0.966        0.000      163.285     1197.574
       0.966        0.000      163.285     1197.574
       0.966        0.000      163.285     1197.574
       0.972        0.000      163.285     1197.574
       0.973        0.000      163.285     1197.574
       0.973        0.000      163.285     1197.574
       0.975        0.000      163.285     1197.574
       0.979        0.000      163.285     1197.574
       0.980        0.000      163.285     1197.574
       0.980        0.000      163.285     1197.574
       0.981        0.000      163.285     1197.574
       0.981        0.000      163.285     1197.574
       0.982        0.000      163.285     1197.574
       0.983        0.000      163.285     1197.574
       0.983        0.000      163.285     1197.574
       0.984        0.000      163.285     1197.574
       0.987        0.000      163.285     1197.574
       0.987       20.368      163.285     1197.574
       0.988        0.000      163.285     1197.574
       0.988        0.000      163.285     1197.574
       0.989        0.000      163.285     1197.574
       0.989        0.000      163.285     1197.574
       0.990        0.000      163.285     1197.574
       0.990        0.000      163.285     1197.574
       0.994        0.000      163.285     1197.574
       0.995        0.000      163.285     1197.574
       0.996        0.000      163.285     1197.574
       0.996        0.000      163.285     1197.574
       0.997        0.000      163.285     1197.574
       0.997        0.000      163.285     1197.574
       0.998        0.000      163.285     1197.574
       0.998        0.000      163.285     1197.574
       1.006        0.000      163.285     1197.574
       1.006        0.000      163.285     1197.574
       1.007        0.000      163.285     1197.574
       1.007        0.000      163.285     1197.574
       1.008        0.000      163.285     1197.574
       1.008       20.394      163.285     1197.574
       1.009        0.000      163.285     1197.574
       1.009        0.000      163.285     1197.574
       1.010        0.000      163.285     1197.574
       1.014        0.000      163.285     1197.574
       1.015        0.000      163.285     1197.574
       1.015        0.000      163.285     1197.574
       1.018        0.000      163.285     1197.574
       1.019        0.000      163.285     1197.574
       1.019        0.000      163.285     1197.574
       1.020        0.000      163.285     1197.574
       1.020        0.000      163.285     1197.574
       1.023        0.000      163.285     1197.574
       1.023        0.000      163.285     1197.574
       1.024        0.000      163.285     1197.574
       1.024        0.000      163.285     1197.574
       1.025        0.000      163.285     1197.574
       1.025        0.000      163.285     1197.574
       1.030        0.000      163.285     1197.574
       1.030        0.000      163.285     1197.574
       1.031       20.270      163.285     1197.574
       1.031        0.000      163.285     1197.574
       1.033        0.000      163.285     1197.574
       1.033        0.000      163.285     1197.574
       1.034        0.000      163.285     1197.574
       1.036        0.000      163.285     1197.574
       1.037        0.000      163.285     1197.574
       1.037        0.000      163.285     1197.574
       1.037        0.000      163.285     1197.574
       1.043        0.000      163.285     1197.574
       1.043        0.000      163.285     1197.574
       1.044        0.000      163.285     1197.574
       1.044        0.000      163.285     1197.574
       1.045        0.000      163.285     1197.574
       1.045        0.000      163.285     1197.574
       1.047        0.000      163.285     1197.574
       1.047        0.000      163.285     1197.574
       1.048        0.000      163.285     1197.574
       1.048        0.000      163.285     1197.574
       1.049        0.000      163.285     1197.574
       1.049       20.348      163.285     1197.574
       1.054        0.000      163.285     1197.574
       1.056        0.000      163.285     1197.574
       1.057        0.000      163.285     1197.574
       1.058        0.000      163.285     1197.574
       1.061        0.000      163.285     1197.574
       1.062        0.000      163.285     1197.574
       1.062        0.000      163.285     1197.574
       1.063        0.000      163.285     1197.574
       1.063        0.000      163.285     1197.574
       1.064        0.000      163.285     1197.574
       1.064        0.000      163.285     1197.574
       1.065        0.000      163.285     1197.574
       1.065        0.000      163.285     1197.574
       1.066        0.000      163.285     1197.574
       1.071        0.000      163.285     1197.574
       1.071        0.000      163.285     1197.574
       1.072        0.000      163.285     1197.574
       1.072        0.000      163.285     1197.574
       1.073        0.000      163.285     1197.574
       1.073        0.000      163.285     1197.574
       1.074        0.000      163.285     1197.574
       1.079        0.000      163.285     1197.574
       1.079        0.000      163.285     1197.574
       1.080        0.000      163.285     1197.574
       1.080        0.000      163.285     1197.574
       1.081        0.000      163.285     1197.574
       1.081       20.437      163.285     1197.574
       1.082        0.000      163.285     1197.574
       1.085        0.000      163.285     1197.574
       1.085        0.000      163.285     1197.574
       1.086        0.000      163.285     1197.574
       1.091        0.000      163.285     1197.574
       1.091        0.000      163.285     1197.574
       1.092        0.000      163.285     1197.574
       1.092        0.000      163.285     1197.574
       1.093        0.000      163.285     1197.574
       1.093        0.000      163.285     1197.574
       1.094        0.000      163.285     1197.574
       1.097        0.000      163.285     1197.574
       1.097        0.000      163.285     1197.574
       1.098       20.317      163.285     1197.574
       1.098        0.000      163.285     1197.574
       1.102        0.000      163.285     1197.574
       1.102        0.000      163.285     1197.574
       1.103        0.000      163.285     1197.574
       1.103        0.000      163.285     1197.574
       1.104        0.000      163.285     1197.574
       1.104        0.000      163.285     1197.574
       1.105        0.000      163.285     1197.574
       1.105        0.000      163.285     1197.574
       1.106        0.000      163.285     1197.574
       1.106        0.000      163.285     1197.574
       1.111        0.000      163.285     1197.574
       1.111        0.000      163.285     1197.574
       1.112       20.213      163.285     1197.574
       1.112        0.000      163.285     1197.574
       1.113        0.000      163.285     1197.574
       1.113        0.000      163.285     1197.574
       1.114        0.000      163.285     1197.574
       1.114        0.000      163.285     1197.574
       1.119        0.000      163.285     1197.574
       1.119        0.000      163.285     1197.574
       1.120        0.000      163.285     1197.574
       1.120        0.000      163.285     1197.574
       1.123        0.000      163.285     1197.574
       1.123        0.000      163.285     1197.574
       1.124        0.000      163.285     1197.574
       1.124        0.000      163.285     1197.574
       1.125        0.000      163.285     1197.574
       1.125        0.000      163.285     1197.574
       1.126        0.000      163.285     1197.574
       1.126        0.000      163.285     1197.574
       1.130        0.000      163.285     1197.574
       1.132        0.000      163.285     1197.574
       1.133        0.000      163.285     1197.574
       1.133       20.280      163.285     1197.574
       1.134        0.000      163.285     1197.574
       1.137        0.000      163.285     1197.574
       1.138        0.000      163.285     1197.574
       1.138        0.000      163.285     1197.574
       1.139        0.000      163.285     1197.574
       1.139        0.000      163.285     1197.574
       1.140        0.000      163.285     1197.574
       1.140        0.000      163.285     1197.574
       1.141        0.000      163.285     1197.574
       1.141        0.000      163.285     1197.574
       1.142        0.000      163.285     1197.574
       1.142        0.000      163.285     1197.574
       1.147        0.000      163.285     1197.574
       1.148        0.000      163.285     1197.574
       1.148        0.000      163.285     1197.574
       1.149        0.000      163.285     1197.574
       1.149        0.000      163.285     1197.574
       1.149        0.000      163.285     1197.574
       1.150        0.000      163.285     1197.574
       1.150        2.198      163.285     1197.574
       1.155        0.000      163.285     1197.574
       1.156        0.000      163.285     1197.574
       1.156        0.000      163.285     1197.574
       1.159        0.000      163.285     1197.574
       1.159        0.000      163.285     1197.574
       1.161        0.000      163.285     1197.574
       1.163        0.000      163.285     1197.574
       1.164        0.000      163.285     1197.574
       1.164        0.000      163.285     1197.574
       1.165        0.000      163.285     1197.574
       1.165        0.000      163.285     1197.574
       1.166        0.000      163.285     1197.574
       1.171        0.000      163.285     1197.574
       1.171        0.000      163.285     1197.574
       1.172        0.000      163.285     1197.574
       1.172        0.000      163.285     1197.574
       1.173        0.000      163.285     1197.574
       1.173        0.000      163.285     1197.574
       1.174        0.000      163.285     1197.574
       1.174        0.000      163.285     1197.574
       1.178        0.000      163.285     1197.574
       1.178        0.000      163.285     1197.574
       1.179        0.000      163.285     1197.574
       1.180        0.000      163.285     1197.574
       1.181        0.000      163.285     1197.574
       1.181        0.000      163.285     1197.574
       1.182        0.000      163.285     1197.574
       1.182        0.000      163.285     1197.574
       1.187        0.000      163.285     1197.574
       1.187        0.000      163.285     1197.574
       1.188       20.353      163.285     1197.574
       1.189        0.000      163.285     1197.574
       1.189        0.000      163.285     1197.574
       1.190        0.000      163.285     1197.574
       1.190        0.000      163.285     1197.574
       1.191        2.138      163.285     1197.574
       1.195        0.000      163.285     1197.574
       1.196        0.000      163.285     1197.574
       1.196        0.000      163.285     1197.574
       1.197        0.000      163.285     1197.574
       1.199        0.000      163.285     1197.574
       1.199        0.000      163.285     1197.574
       1.200        0.000      163.285     1197.574
       1.200        0.000      163.285     1197.574
       1.201        0.000      163.285     1197.574
       1.201        0.000      163.285     1197.574
       1.207        0.000      163.285     1197.574
       1.207        0.000      163.285     1197.574
       1.208        0.000      163.285     1197.574
       1.208        0.000      163.285     1197.574
       1.209        0.000      163.285     1197.574
       1.209        0.000      163.285     1197.574
       1.210        0.000      163.285     1197.574
       1.210        0.000      163.285     1197.574
       1.215        0.000      163.285     1197.574
       1.216        0.000      163.285     1197.574
       1.216       20.334      163.285     1197.574
       1.217        0.000      163.285     1197.574
       1.217        0.000      163.285     1197.574
       1.218        0.000      163.285     1197.574
       1.221        0.000      163.285     1197.574
       1.222        0.000      163.285     1197.574
       1.222        0.000      163.285     1197.574
       1.223        0.000      163.285     1197.574
       1.223        0.000      163.285     1197.574
       1.224        0.000      163.285     1197.574
       1.224        0.000      163.285     1197.574
       1.225        0.000      163.285     1197.574
       1.225        0.000      163.285     1197.574
       1.226        0.000      163.285     1197.574
       1.226        0.000      163.285     1197.574
       1.230        0.000      163.285     1197.574
       1.235        0.000      163.285     1197.574
       1.235        0.000      163.285     1197.574
       1.236        0.000      163.285     1197.574
       1.236        0.000      163.285     1197.574
       1.237        0.000      163.285     1197.574
       1.237        0.000      163.285     1197.574
       1.238        0.000      163.285     1197.574
       1.239        0.000      163.285     1197.574
       1.239        0.000      163.285     1197.574
       1.240        0.000      163.285     1197.574
       1.240        0.000      163.285     1197.574
       1.241        0.000      163.285     1197.574
       1.241        0.000      163.285     1197.574
       1.242       20.345      163.285     1197.574
       1.242        0.000      163.285     1197.574
       1.247        0.000      163.285     1197.574
       1.247        0.000      163.285     1197.574
       1.248        0.000      163.285     1197.574
       1.251        0.000      163.285     1197.574
       1.251        0.000      163.285     1197.574
       1.255        0.000      163.285     1197.574
       1.255        0.000      163.285     1197.574
       1.256        0.000      163.285     1197.574
       1.256        0.000      163.285     1197.574
       1.257        0.000      163.285     1197.574
       1.257        0.000      163.285     1197.574
       1.258        0.000      163.285     1197.574
       1.258        0.000      163.285     1197.574
       1.262        0.000      163.285     1197.574
       1.263        0.000      163.285     1197.574
       1.263        0.000      163.285     1197.574
       1.264        0.000      163.285     1197.574
       1.264        0.000      163.285     1197.574
       1.265        0.000      163.285     1197.574
       1.265        0.000      163.285     1197.574
       1.266       20.387      163.285     1197.574
       1.266        0.000      163.285     1197.574
       1.271        0.000      163.285     1197.574
       1.271        0.000      163.285     1197.574
       1.272        0.000      163.285     1197.574
       1.272        0.000      163.285     1197.574
       1.273        0.000      163.285     1197.574
       1.273        0.000      163.285     1197.574
       1.274        0.000      163.285     1197.574
       1.274        0.000      163.285     1197.574
       1.279        0.000      163.285     1197.574
       1.279        0.000      163.285     1197.574
       1.285        0.000      163.285     1197.574
       1.286        0.000      163.285     1197.574
       1.286        0.000      163.285     1197.574
       1.290        0.000      163.285     1197.574
       1.290        0.000      163.285     1197.574
       1.293        0.000      163.285     1197.574
       1.293        0.000      163.285     1197.574
       1.294        0.000      163.285     1197.574
       1.295        2.538      163.285     1197.574
       1.309        0.000      163.285     1197.574
       1.316        0.000      163.285     1197.574
       1.316        0.000      163.285     1197.574
       1.317        0.000      163.285     1197.574
       1.317       19.715      163.285     1197.574
       1.318        0.000      163.285     1197.574
       1.318        0.000      163.285     1197.574
       1.318        0.000      163.285     1197.574
       1.329        0.000      163.285     1197.574
       1.329        0.000      163.285     1197.574
       1.330        0.000      163.285     1197.574
       1.341        0.000      163.285     1197.574
       1.342        0.000      163.285     1197.574
       1.347        0.000      163.285     1197.574
       1.348        0.000      163.285     1197.574
       1.348        0.000      163.285     1197.574
       1.349        0.000      163.285     1197.574
       1.349        0.000      163.285     1197.574
       1.350        0.000      163.285     1197.574
       1.350        0.000      163.285     1197.574
       1.373        0.000      163.285     1197.574
       1.377        0.000      163.285     1197.574
       1.378       20.247      163.285     1197.574
       1.378        0.000      163.285     1197.574
       1.384        0.000      163.285     1197.574
       1.384        0.000      163.285     1197.574
       1.399        0.000      163.285     1197.574
       1.400        0.000      163.285     1197.574
       1.400        0.000      163.285     1197.574
       1.401        0.000      163.285     1197.574
       1.401        0.000      163.285     1197.574
       1.402        0.000      163.285     1197.574
       1.410        0.000      163.285     1197.574
       1.415        0.000      163.285     1197.574
       1.417        0.000      163.285     1197.574
       1.417        0.000      163.285     1197.574
       1.418        0.000      163.285     1197.574
       1.427        0.000      163.285     1197.574
       1.427        0.000      163.285     1197.574
       1.428        0.000      163.285     1197.574
       1.428        0.000      163.285     1197.574
       1.429        0.000      163.285     1197.574
       1.429        0.000      163.285     1197.574
       1.430        0.000      163.285     1197.574
       1.461        0.296      163.285     1197.574
       1.464        0.000      163.285     1197.574
       1.465        0.000      163.285     1197.574
       1.465        0.000      163.285     1197.574
       1.466        0.000      163.285     1197.574
       1.479        0.000      163.285     1197.574
       1.480        0.000      163.285     1197.574
       1.485        0.000      163.285     1197.574
       1.485        0.000      163.285     1197.574
       1.486        0.000      163.285     1197.574
       1.495        0.000      163.285     1197.574
       1.495        0.000      163.285     1197.574
       1.500        0.000      163.285     1197.574
       1.500        0.000      163.285     1197.574
       1.501        0.000      163.285     1197.574
       1.501        0.000      163.285     1197.574
       1.502        0.000      163.285     1197.574
       1.507        0.000      163.285     1197.574
       1.511       14.031      163.285     1197.574
       1.512        0.000      163.285     1197.574
       1.512        0.000      163.285     1197.574
       1.512        0.000      163.285     1197.574
       1.513        0.000      163.285     1197.574
       1.513        0.000      163.285     1197.574
       1.514        0.000      163.285     1197.574
       1.514        0.000      163.285     1197.574
       1.529        0.000      163.285     1197.574
       1.530        0.000      163.285     1197.574
       1.532        0.000      163.285     1197.574
       1.533        0.000      163.285     1197.574
       1.533        0.000      163.285     1197.574
       1.546        0.000      163.285     1197.574
       1.546        0.000      163.285     1197.574
       1.551        0.000      163.285     1197.574
       1.552        0.000      163.285     1197.574
       1.552        0.000      163.285     1197.574
       1.553       20.225      163.285     1197.574
       1.553        0.000      163.285     1197.574
       1.554        0.000      163.285     1197.574
       1.554        0.000      163.285     1197.574
       1.556        0.000      163.285     1197.574
       1.556        0.000      163.285     1197.574
       1.559        0.000      163.285     1197.574
       1.560        0.000      163.285     1197.574
       1.561        0.000      163.285     1197.574
       1.561        0.000      163.285     1197.574
       1.562        0.000      163.285     1197.574
       1.566        0.000      163.285     1197.574
       1.567        0.000      163.285     1197.574
       1.569        0.000      163.285     1197.574
       1.569        0.000      163.285     1197.574
       1.570        0.000      163.285     1197.574
       1.570        0.000      163.285     1197.574
       1.571        0.000      163.285     1197.574
       1.573       18.623      163.285     1197.574
       1.573        0.000      163.285     1197.574
       1.574        0.000      163.285     1197.574
       1.574        0.000      163.285     1197.574
       1.579        0.000      163.285     1197.574
       1.580        0.000      163.285     1197.574
       1.580        0.000      163.285     1197.574
       1.581        0.000      163.285     1197.574
       1.583        0.000      163.285     1197.574
       1.587        0.000      163.285     1197.574
       1.587        0.000      163.285     1197.574
       1.588        0.000      163.285     1197.574
       1.588       20.297      163.285     1197.574
       1.591        0.000      163.285     1197.574
       1.591        0.000      163.285     1197.574
       1.592        0.000      163.285     1197.574
       1.593        0.000      163.285     1197.574
       1.594        0.000      163.285     1197.574
       1.597        0.000      163.285     1197.574
       1.597        0.000      163.285     1197.574
       1.598        0.000      163.285     1197.574
       1.598        0.000      163.285     1197.574
       1.606        0.000      163.285     1197.574
       1.606        0.000      163.285     1197.574
       1.607       15.852      163.285     1197.574
       1.608        0.000      163.285     1197.574
       1.608        0.000      163.285     1197.574
       1.609        0.000      163.285     1197.574
       1.609        0.000      163.285     1197.574
       1.610        0.000      163.285     1197.574
       1.612        0.000      163.285     1197.574
       1.612        0.000      163.285     1197.574
       1.613        0.000      163.285     1197.574
       1.613        0.000      163.285     1197.574
       1.614        0.000      163.285     1197.574
       1.614        0.000      163.285     1197.574
       1.619        0.000      163.285     1197.574
       1.620        0.000      163.285     1197.574
       1.620        0.000      163.285     1197.574
       1.623        0.000      163.285     1197.574
       1.624        0.000      163.285     1197.574
       1.624        0.000      163.285     1197.574
       1.625       19.968      163.285     1197.574
       1.627        0.000      163.285     1197.574
       1.629        0.000      163.285     1197.574
       1.630        0.000      163.285     1197.574
       1.630        0.000      163.285     1197.574
       1.635        0.000      163.285     1197.574
       1.636        0.000      163.285     1197.574
       1.636        0.000      163.285     1197.574
       1.637        0.000      163.285     1197.574
       1.637        0.000      163.285     1197.574
       1.638        0.000      163.285     1197.574
       1.638        0.000      163.285     1197.574
       1.639        0.000      163.285     1197.574
       1.640        0.000      163.285     1197.574
       1.640        0.000      163.285     1197.574
       1.641        0.000      163.285     1197.574
       1.644        0.000      163.285     1197.574
       1.645        0.000      163.285     1197.574
       1.645        0.000      163.285     1197.574
       1.648       18.999      163.285     1197.574
       1.648        0.000      163.285     1197.574
       1.649        0.000      163.285     1197.574
       1.649        0.000      163.285     1197.574
       1.650        0.000      163.285     1197.574
       1.650        0.000      163.285     1197.574
       1.655        0.000      163.285     1197.574
       1.656        0.000      163.285     1197.574
       1.658        0.000      163.285     1197.574
       1.658        0.000      163.285     1197.574
       1.662        0.000      163.285     1197.574
       1.662        0.000      163.285     1197.574
       1.663        0.000      163.285     1197.574
       1.663        0.000      163.285     1197.574
       1.666        0.000      163.285     1197.574
       1.667        0.000      163.285     1197.574
       1.667        0.000      163.285     1197.574
       1.668        0.000      163.285     1197.574
       1.669        0.000      163.285     1197.574
       1.669       20.301      163.285     1197.574
       1.670        0.000      163.285     1197.574
       1.670        0.000      163.285     1197.574
       1.675        0.000      163.285     1197.574
       1.676        0.000      163.285     1197.574
       1.676        0.000      163.285     1197.574
       1.677        0.000      163.285     1197.574
       1.682        0.000      163.285     1197.574
       1.682        0.000      163.285     1197.574
       1.683        0.000      163.285     1197.574
       1.683        0.000      163.285     1197.574
       1.686        0.000      163.285     1197.574
       1.687        0.000      163.285     1197.574
       1.687        0.000      163.285     1197.574
       1.688        0.000      163.285     1197.574
       1.691        0.000      163.285     1197.574
       1.691        0.000      163.285     1197.574
       1.693       20.045      163.285     1197.574
       1.693        0.000      163.285     1197.574
       1.695        0.000      163.285     1197.574
       1.695        0.000      163.285     1197.574
       1.696        0.000      163.285     1197.574
       1.696        0.000      163.285     1197.574
       1.699        0.000      163.285     1197.574
       1.699        0.000      163.285     1197.574
       1.700        0.000      163.285     1197.574
       1.700        0.000      163.285     1197.574
       1.701        0.000      163.285     1197.574
       1.701        0.000      163.285     1197.574
       1.707        0.000      163.285     1197.574
       1.707        0.000      163.285     1197.574
       1.708        0.000      163.285     1197.574
       1.708        0.000      163.285     1197.574
       1.711        0.000      163.285     1197.574
       1.712        0.000      163.285     1197.574
       1.715       18.054      163.285     1197.574
       1.716        0.000      163.285     1197.574
       1.716        0.000      163.285     1197.574
       1.717        0.000      163.285     1197.574
       1.719        0.000      163.285     1197.574
       1.720        0.000      163.285     1197.574
       1.720        0.000      163.285     1197.574
       1.721        0.000      163.285     1197.574
       1.721        0.000      163.285     1197.574
       1.722        0.000      163.285     1197.574
       1.727        0.000      163.285     1197.574
       1.727        0.000      163.285     1197.574
       1.728        0.000      163.285     1197.574
       1.729        0.000      163.285     1197.574
       1.730        0.000      163.285     1197.574
       1.730        0.000      163.285     1197.574
       1.733        0.000      163.285     1197.574
       1.733        0.000      163.285     1197.574
       1.734        0.000      163.285     1197.574
       1.734        2.969      163.285     1197.574
       1.738        0.000      163.285     1197.574
       1.738        0.000      163.285     1197.574
       1.740        0.000      163.285     1197.574
       1.740        0.000      163.285     1197.574
       1.741        0.000      163.285     1197.574
       1.741        0.000      163.285     1197.574
       1.742        0.000      163.285     1197.574
       1.747        0.000      163.285     1197.574
       1.748        0.000      163.285     1197.574
       1.748        0.000      163.285     1197.574
       1.749        0.000      163.285     1197.574
       1.749        0.000      163.285     1197.574
       1.751        0.000      163.285     1197.574
       1.751        0.000      163.285     1197.574
       1.752        0.000      163.285     1197.574
       1.752        0.000      163.285     1197.574
       1.755        0.000      163.285     1197.574
       1.756       20.322      163.285     1197.574
       1.756        0.000      163.285     1197.574
       1.759        0.000      163.285     1197.574
       1.763        0.000      163.285     1197.574
       1.763        0.000      163.285     1197.574
       1.764        0.000      163.285     1197.574
       1.765        0.000      163.285     1197.574
       1.765        0.000      163.285     1197.574
       1.766        0.000      163.285     1197.574
       1.768        0.000      163.285     1197.574
       1.770        0.000      163.285     1197.574
       1.771        0.000      163.285     1197.574
       1.771        0.000      163.285     1197.574
       1.772        0.000      163.285     1197.574
       1.772        0.000      163.285     1197.574
       1.773        0.000      163.285     1197.574
       1.779        0.000      163.285     1197.574
       1.779       20.320      163.285     1197.574
       1.780        0.000      163.285     1197.574
       1.781        0.000      163.285     1197.574
       1.781        0.000      163.285     1197.574
       1.782        0.000      163.285     1197.574
       1.782        0.000      163.285     1197.574
       1.784        0.000      163.285     1197.574
       1.785        0.000      163.285     1197.574
       1.785        0.000      163.285     1197.574
       1.786        0.000      163.285     1197.574
       1.786        0.000      163.285     1197.574
       1.789        0.000      163.285     1197.574
       1.790        0.000      163.285     1197.574
       1.793        0.000      163.285     1197.574
       1.795        0.000      163.285     1197.574
       1.795        0.000      163.285     1197.574
       1.796        0.000      163.285     1197.574
       1.796        0.000      163.285     1197.574
       1.797        0.000      163.285     1197.574
       1.797       20.418      163.285     1197.574
       1.798        0.000      163.285     1197.574
       1.803        0.000      163.285     1197.574
       1.803        0.000      163.285     1197.574
       1.804        0.000      163.285     1197.574
       1.805        0.000      163.285     1197.574
       1.805        0.000      163.285     1197.574
       1.806        0.000      163.285     1197.574
       1.806        0.000      163.285     1197.574
       1.811        0.000      163.285     1197.574
       1.812        0.000      163.285     1197.574
       1.812        0.000      163.285     1197.574
       1.812        0.000      163.285     1197.574
       1.813        0.000      163.285     1197.574
       1.813        0.000      163.285     1197.574
       1.817        0.000      163.285     1197.574
       1.818        0.000      163.285     1197.574
       1.818        0.000      163.285     1197.574
       1.821        0.000      163.285     1197.574
       1.821       20.294      163.285     1197.574
       1.822        0.000      163.285     1197.574
       1.822        0.000      163.285     1197.574
       1.824        0.000      163.285     1197.574
       1.825        0.000      163.285     1197.574
       1.825        0.000      163.285     1197.574
       1.826        0.000      163.285     1197.574
       1.826        0.000      163.285     1197.574
       1.831        0.000      163.285     1197.574
       1.831        0.000      163.285     1197.574
       1.832        0.000      163.285     1197.574
       1.832        0.000      163.285     1197.574
       1.833        0.000      163.285     1197.574
       1.833        0.000      163.285     1197.574
       1.834        0.000      163.285     1197.574
       1.838        0.000      163.285     1197.574
       1.838        0.000      163.285     1197.574
       1.839        0.000      163.285     1197.574
       1.840        0.000      163.285     1197.574
       1.840        0.000      163.285     1197.574
       1.841        0.000      163.285     1197.574
       1.843        0.000      163.285     1197.574
       1.843        0.000      163.285     1197.574
       1.847        0.000      163.285     1197.574
       1.848        0.000      163.285     1197.574
       1.848        0.000      163.285     1197.574
       1.849        0.000      163.285     1197.574
       1.849       20.305      163.285     1197.574
       1.850        0.000      163.285     1197.574
       1.850        0.000      163.285     1197.574
       1.854        0.000      163.285     1197.574
       1.854        0.000      163.285     1197.574
       1.857        0.000      163.285     1197.574
       1.859        0.000      163.285     1197.574
       1.860        0.000      163.285     1197.574
       1.860        0.000      163.285     1197.574
       1.861        0.000      163.285     1197.574
       1.861        0.000      163.285     1197.574
       1.875        0.000      163.285     1197.574
       1.876        0.000      163.285     1197.574
       1.876        0.000      163.285     1197.574
       1.877        0.000      163.285     1197.574
       1.877        0.000      163.285     1197.574
       1.878        0.000      163.285     1197.574
       1.878        0.000      163.285     1197.574
       1.896        0.000      163.285     1197.574
       1.897        0.000      163.285     1197.574
       1.897        0.000      163.285     1197.574
       1.898        0.000      163.285     1197.574
       1.898        0.000      163.285     1197.574
       1.907        0.000      163.285     1197.574
       1.908        0.000      163.285     1197.574
       1.911        2.876      163.285     1197.574
       1.912        0.000      163.285     1197.574
       1.917        0.000      163.285     1197.574
       1.918        0.000      163.285     1197.574
       1.923        0.000      163.285     1197.574
       1.927        0.000      163.285     1197.574
       1.929        0.000      163.285     1197.574
       1.930        0.000      163.285     1197.574
       1.937        0.000      163.285     1197.574
       1.938        0.000      163.285     1197.574
       1.938        0.000      163.285     1197.574
       1.948        0.000      163.285     1197.574
       1.949        0.000      163.285     1197.574
       1.960        0.853      163.285     1197.574
       1.961        0.000      163.285     1197.574
       1.961        0.000      163.285     1197.574
       1.989        0.000      163.285     1197.574
       1.999        0.000      163.285     1197.574
       2.005        0.000      163.285     1197.574
       2.006        0.000      163.285     1197.574
       2.023        0.000      163.285     1197.574
       2.039        0.737      163.285     1197.574
       2.040        0.000      163.285     1197.574
       2.041        0.000      163.285     1197.574
       2.041        0.000      163.285     1197.574
       2.072        0.000      163.285     1197.574
       2.072       18.459      163.285     1197.574
       2.073        0.000      163.285     1197.574
       2.073        0.000      163.285     1197.574
       2.074        0.000      163.285     1197.574
       2.074        0.000      163.285     1197.574
       2.109        0.000      163.285     1197.574
       2.110        0.000      163.285     1197.574
       2.111        0.000      163.285     1197.574
       2.124        0.000      163.285     1197.574
       2.141        1.305      163.285     1197.574
       2.141        0.000      163.285     1197.574
       2.147        0.000      163.285     1197.574
       2.148        0.000      163.285     1197.574
       2.156        0.000      163.285     1197.574
       2.156        0.000      163.285     1197.574
       2.157        0.000      163.285     1197.574
       2.157        0.000      163.285     1197.574
       2.206        0.000      163.355     1197.574
       2.212        1.601      163.355     1197.574
       2.222        0.000      163.355     1197.574
       2.225        0.000      163.355     1197.574
       2.226        0.000      163.355     1197.574
       2.251        0.000      163.355     1197.574
       2.254        0.000      163.355     1197.574
       2.254        0.000      163.355     1197.574
       2.295        0.172      163.465     1197.574
       2.313        0.000      163.465     1197.574
       2.314        0.000      163.465     1197.574
       2.314        0.000      163.465     1197.574
       2.314        0.000      163.465     1197.574
       2.335        0.000      163.465     1197.574
       2.335        0.000      163.465     1197.574
       2.394        0.279      163.465     1197.574
       2.428        0.000      163.465     1197.574
       2.444        0.000      163.465     1197.574
       2.445        0.000      163.465     1197.574
       2.454        0.000      163.465     1197.574
       2.454        0.000      163.465     1197.574
       2.475        0.000      163.465     1197.574
       2.476        0.000      163.465     1197.574
       2.476        0.000      163.465     1197.574
       2.493        0.000      163.465     1197.574
       2.494        0.000      163.465     1197.574
       2.494        0.000      163.465     1197.574
       2.494        0.000      163.465     1197.574
       2.523        0.000      163.465     1197.574
       2.524       20.398      163.465     1197.574
       2.524        0.000      163.465     1197.574
       2.525        0.000      163.465     1197.574
       2.543        0.000      163.465     1197.574
       2.543        0.000      163.465     1197.574
       2.549        0.000      163.465     1197.574
       2.550        0.000      163.465     1197.574
       2.567        0.000      163.465     1197.574
       2.568        0.000      163.465     1197.574
       2.568        0.000      163.465     1197.574
       2.569        0.000      163.465     1197.574
       2.569        0.000      163.465     1197.574
       2.570        0.000      163.465     1197.574
       2.570        0.000      163.465     1197.574
       2.615        0.000      163.465     1197.574
       2.616        0.000      163.465     1197.574
       2.643        0.000      163.465     1197.574
       2.643        0.000      163.465     1197.574
       2.644        0.000      163.465     1197.574
       2.644        0.000      163.465     1197.574
       2.645        0.000      163.465     1197.574
       2.676        0.000      163.465     1197.574
       2.677        0.000      163.465     1197.574
       2.677        0.000      163.465     1197.574
       2.691        0.000      163.465     1197.574
       2.692       20.488      163.465     1197.574
       2.692        0.000      163.465     1197.574
       2.693        0.000      163.465     1197.574
       2.715        0.000      163.465     1197.574
       2.715        0.000      163.465     1197.574
       2.716        0.000      163.465     1197.574
       2.716        0.000      163.465     1197.574
       2.717        0.000      163.465     1197.574
       2.717        0.000      163.465     1197.574
       2.718        0.000      163.465     1197.574
       2.718        0.000      163.465     1197.574
       2.756        0.000      163.465     1197.574
       2.757        0.000      163.465     1197.574
       2.775        0.000      163.465     1197.574
       2.776        0.000      163.465     1197.574
       2.776        0.000      163.465     1197.574
       2.777        0.000      163.465     1197.574
       2.777        0.000      163.465     1197.574
       2.778        0.000      163.465     1197.574
       2.810        0.307      163.465     1197.574
       2.813        0.000      163.465     1197.574
       2.814        0.000      163.465     1197.574
       2.814        0.000      163.465     1197.574
       2.832        0.000      163.465     1197.574
       2.833        0.000      163.465     1197.574
       2.833        0.000      163.465     1197.574
       2.834        0.000      163.465     1197.574
       2.834        0.000      163.465     1197.574
       2.876        0.000      163.465     1197.574
       2.877        0.000      163.465     1197.574
       2.878        0.000      163.465     1197.574
       2.878        0.000      163.465     1197.574
       2.897        0.000      163.465     1197.574
       2.898        0.000      163.465     1197.574
       2.898        0.000      163.465     1197.574
       2.914        0.000      163.465     1197.574
       2.914        1.114      163.465     1197.574
       2.924        0.000      163.465     1197.574
       2.939        0.000      163.465     1197.574
       2.939        0.000      163.465     1197.574
       2.946        0.000      163.465     1197.574
       2.948        0.000      163.465     1197.574
       2.948        0.000      163.465     1197.574
       2.949        0.000      163.465     1197.574
       2.967        0.000      163.465     1197.574
       2.967        0.000      163.465     1197.574
       2.968        0.000      163.465     1197.574
       2.987        0.000      163.465     1197.574
       2.988        0.000      163.465     1197.574
       3.003        0.000      163.465     1197.574
       3.004        0.000      163.465     1197.574
       3.005        0.000      163.465     1197.574
       3.005        0.000      163.465     1197.574
       3.006       20.534      163.465     1197.574
       3.006        0.000      163.465     1197.574
       3.039        0.000      163.465     1197.574
       3.039        0.000      163.465     1197.574
       3.040        0.000      163.465     1197.574
       3.040        0.000      163.465     1197.574
       3.067        0.000      163.465     1197.574
       3.068        0.000      163.465     1197.574
       3.069        0.000      163.465     1197.574
       3.069        0.000      163.465     1197.574
       3.083        0.000      163.465     1197.574
       3.084        0.000      163.465     1197.574
       3.084        0.000      163.465     1197.574
       3.085        0.000      163.465     1197.574
       3.085        0.000      163.465     1197.574
       3.086        0.000      163.465     1197.574
       3.086        0.000      163.465     1197.574
       3.113        0.000      163.465     1197.574
       3.114       20.345      163.465     1197.574
       3.127        0.000      163.465     1197.574
       3.128        0.000      163.465     1197.574
       3.128        0.000      163.465     1197.574
       3.156        0.000      163.465     1197.574
       3.157        0.000      163.465     1197.574
       3.157        0.000      163.465     1197.574
       3.171        0.000      163.465     1197.574
       3.172        0.000      163.465     1197.574
       3.173        0.000      163.465     1197.574
       3.173        0.000      163.465     1197.574
       3.203        0.000      163.465     1197.574
       3.204        0.000      163.465     1197.574
       3.204        0.000      163.465     1197.574
       3.205        0.000      163.465     1197.574
       3.205        0.000      163.465     1197.574
       3.205        0.000      163.465     1197.574
       3.241        0.279      163.465     1197.574
       3.242        0.000      163.465     1197.574
       3.242        0.000      163.465     1197.574
       3.258        0.000      163.465     1197.574
       3.266        0.969      163.465     1197.574
       3.269        0.000      163.465     1197.574
       3.269        0.000      163.465     1197.574
       3.270        0.000      163.465     1197.574
       3.270        0.000      163.465     1197.574
       3.296        0.000      163.465     1197.574
       3.297        0.000      163.465     1197.574
       3.297        0.000      163.465     1197.574
       3.298        0.000      163.465     1197.574
       3.298        0.000      163.465     1197.574
       3.324        0.000      163.465     1197.574
       3.325        0.000      163.465     1197.574
       3.325        0.000      163.465     1197.574
       3.333        0.000      163.465     1197.574
       3.334        0.000      163.465     1197.574
       3.334        0.000      163.465     1197.574
       3.343        0.000      163.465     1197.574
       3.344        0.000      163.465     1197.574
       3.344        0.000      163.465     1197.574
       3.357        0.000      163.465     1197.574
       3.358        0.000      163.465     1197.574
       3.366        0.000      163.465     1197.574
       3.372        0.000      163.465     1197.574
       3.372        0.000      163.465     1197.574
       3.373        0.000      163.465     1197.574
       3.373        0.000      163.465     1197.574
       3.386       16.460      163.465     1197.574
       3.392        0.000      163.465     1197.574
       3.392        0.000      163.465     1197.574
       3.393        0.000      163.465     1197.574
       3.393        0.000      163.465     1197.574
       3.395        0.000      163.465     1197.574
       3.395        0.000      163.465     1197.574
       3.415        0.000      163.465     1197.574
       3.415        0.000      163.465     1197.574
       3.416        0.000      163.465     1197.574
       3.429        0.000      163.465     1197.574
       3.429        0.000      163.465     1197.574
       3.430        0.000      163.465     1197.574
       3.430        0.000      163.465     1197.574
       3.450        0.000      163.465     1197.574
       3.450        0.000      163.465     1197.574
       3.463        0.000      163.465     1197.574
       3.463        0.000      163.465     1197.574
       3.464        0.000      163.465     1197.574
       3.464        0.000      163.465     1197.574
       3.473       15.386      163.465     1197.574
       3.473        0.000      163.465     1197.574
       3.474        0.000      163.465     1197.574
       3.474        0.000      163.465     1197.574
       3.495        0.472      163.465     1197.574
       3.496        0.000      163.465     1197.574
       3.496        0.000      163.465     1197.574
       3.497        0.000      163.465     1197.574
       3.497        0.000      163.465     1197.574
       3.517        0.000      163.465     1197.574
       3.518        0.000      163.465     1197.574
       3.532        0.000      163.465     1197.574
       3.532        0.000      163.465     1197.574
       3.538        0.000      163.465     1197.574
       3.538        0.000      163.465     1197.574
       3.549        0.000      163.465     1197.574
       3.551        0.000      163.465     1197.574
       3.552        0.000      163.465     1197.574
       3.552        0.000      163.465     1197.574
       3.563        0.000      163.465     1197.574
       3.564        0.000      163.465     1197.574
       3.564        0.000      163.465     1197.574
       3.565        0.000      163.465     1197.574
       3.581       14.218      163.465     1197.574
       3.581        0.000      163.465     1197.574
       3.582        0.000      163.465     1197.574
       3.582        0.000      163.465     1197.574
       3.608        0.000      163.465     1197.574
       3.615        0.000      163.465     1197.574
       3.616        0.000      163.465     1197.574
       3.627        0.000      163.465     1197.574
       3.628        0.000      163.465     1197.574
       3.628        0.000      163.465     1197.574
       3.628        0.000      163.465     1197.574
       3.629        0.000      163.465     1197.574
       3.629        0.000      163.465     1197.574
       3.630        0.000      163.465     1197.574
       3.630        0.000      163.465     1197.574
       3.663        0.000      163.465     1197.574
       3.664        0.000      163.465     1197.574
       3.664        0.000      163.465     1197.574
       3.665        0.000      163.465     1197.574
       3.689        0.000      163.465     1197.574
       3.689        0.000      163.465     1197.574
       3.690        0.000      163.465     1197.574
       3.690        0.000      163.465     1197.574
       3.710        0.000      163.465     1197.574
       3.710        0.000      163.465     1197.574
       3.719       18.879      163.465     1197.574
       3.728        0.000      163.465     1197.574
       3.728        0.000      163.465     1197.574
       3.747        0.000      163.465     1197.574
       3.748        0.000      163.465     1197.574
       3.762        0.000      163.465     1197.574
       3.766        0.000      163.465     1197.574
       3.766        0.000      163.465     1197.574
       3.779        0.000      163.465     1197.574
       3.782        0.000      163.465     1197.574
       3.782        0.000      163.465     1197.574
       3.795        0.000      163.465     1197.574
       3.801        0.000      163.465     1197.574
       3.801        0.000      163.465     1197.574
       3.809        0.000      163.465     1197.574
       3.809        0.000      163.465     1197.574
       3.817        0.766      163.465     1197.574
       3.823        0.000      163.465     1197.574
       3.823        0.000      163.465     1197.574
       3.848        0.000      163.465     1197.574
       3.850        0.000      163.465     1197.574
       3.859        0.000      163.465     1197.574
       3.863        0.000      163.465     1197.574
       3.863        0.000      163.465     1197.574
       3.867        0.000      163.465     1197.574
       3.869        0.000      163.465     1197.574
       3.869        0.000      163.465     1197.574
       3.870        0.000      163.465     1197.574
       3.870        0.000      163.465     1197.574
       3.899        0.000      163.465     1197.574
       3.902        0.000      163.465     1197.574
       3.903        0.000      163.465     1197.574
       3.903        0.000      163.465     1197.574
       3.904        0.000      163.465     1197.574
       3.904       20.520      163.465     1197.574
       3.905        0.000      163.465     1197.574
       3.905        0.000      163.465     1197.574
       3.906        0.000      163.465     1197.574
       3.906        0.000      163.465     1197.574
       3.952        0.000      163.465     1197.574
       3.957        0.000      163.465     1197.574
       3.961        0.000      163.465     1197.574
       3.967        0.000      163.465     1197.574
       3.975        0.000      163.465     1197.574
       3.981        0.000      163.465     1197.574
       3.982        0.000      163.465     1197.574
       3.988        0.000      163.465     1197.574
       3.989        0.000      163.465     1197.574
       3.989        0.000      163.465     1197.574
       3.990        0.000      163.465     1197.574
       3.990        0.000      163.465     1197.574
       4.011        1.248      163.465     1197.574
       4.011        0.000      163.465     1197.574
       4.012        0.000      163.465     1197.574
       4.012        0.000      163.465     1197.574
       4.013        0.000      163.465     1197.574
       4.013        0.000      163.465     1197.574
       4.037        0.000      163.465     1197.574
       4.038        0.000      163.465     1197.574
       4.038        0.000      163.465     1197.574
       4.047        0.000      163.465     1197.574
       4.047        0.000      163.465     1197.574
       4.052        0.000      163.465     1197.574
       4.052        0.000      163.465     1197.574
       4.053        0.000      163.465     1197.574
       4.053        0.000      163.465     1197.574
       4.054        0.000      163.465     1197.574
       4.054        0.000      163.465     1197.574
       4.068        0.000      163.465     1197.574
       4.072       19.934      163.465     1197.574
       4.072        0.000      163.465     1197.574
       4.078        0.000      163.465     1197.574
       4.082        0.000      163.465     1197.574
       4.083        0.000      163.465     1197.574
       4.083        0.000      163.465     1197.574
       4.084        0.000      163.465     1197.574
       4.084        0.000      163.465     1197.574
       4.085        0.000      163.465     1197.574
       4.085        0.000      163.465     1197.574
       4.086        0.000      163.465     1197.574
       4.086        0.000      163.465     1197.574
       4.109        0.000      163.465     1197.574
       4.110        0.000      163.465     1197.574
       4.115        0.000      163.465     1197.574
       4.115        0.000      163.465     1197.574
       4.116        0.000      163.465     1197.574
       4.116        0.000      163.465     1197.574
       4.117        0.000      163.465     1197.574
       4.117        0.000      163.465     1197.574
       4.133        0.000      163.465     1197.574
       4.133        0.000      163.465     1197.574
       4.134        0.000      163.465     1197.574
       4.134        0.000      163.465     1197.574
       4.143        0.000      163.465     1197.574
       4.143        0.000      163.465     1197.574
       4.144        0.000      163.465     1197.574
       4.144       20.496      163.465     1197.574
       4.145        0.000      163.465     1197.574
       4.145        0.000      163.465     1197.574
       4.146        0.000      163.465     1197.574
       4.146        0.000      163.465     1197.574
       4.147        0.367      163.465     1197.574
       4.174        0.000      163.465     1197.574
       4.174        0.000      163.465     1197.574
       4.187        0.000      163.465     1197.574
       4.187        0.000      163.465     1197.574
       4.188        0.000      163.465     1197.574
       4.194        0.000      163.465     1197.574
       4.194        0.000      163.465     1197.574
       4.199        0.000      163.465     1197.574
       4.200        0.000      163.465     1197.574
       4.200        0.000      163.465     1197.574
       4.201        0.000      163.465     1197.574
       4.215        0.000      163.465     1197.574
       4.216        0.000      163.465     1197.574
       4.216        0.000      163.465     1197.574
       4.217        0.000      163.465     1197.574
       4.217        0.000      163.465     1197.574
       4.235        0.000      163.465     1197.574
       4.235       20.299      163.465     1197.574
       4.236        0.000      163.465     1197.574
       4.236        0.000      163.465     1197.574
       4.237        0.000      163.465     1197.574
       4.237        0.000      163.465     1197.574
       4.257        0.000      163.465     1197.574
       4.257        0.000      163.465     1197.574
       4.258        0.000      163.465     1197.574
       4.258        0.000      163.465     1197.574
       4.269        0.000      163.465     1197.574
       4.270        0.000      163.465     1197.574
       4.270        0.000      163.465     1197.574
       4.285        0.000      163.465     1197.574
       4.291        0.000      163.465     1197.574
       4.292        0.000      163.465     1197.574
       4.292        0.000      163.465     1197.574
       4.293        0.000      163.465     1197.574
       4.293        0.000      163.465     1197.574
       4.294        0.000      163.465     1197.574
       4.325        0.000      163.465     1197.574
       4.336        0.000      163.465     1197.574
       4.337        0.000      163.465     1197.574
       4.337        0.000      163.465     1197.574
       4.338        0.000      163.465     1197.574
       4.338        0.000      163.465     1197.574
       4.352        0.000      163.465     1197.574
       4.352        0.000      163.465     1197.574
       4.370        0.000      163.465     1197.574
       4.370        0.000      163.465     1197.574
       4.384        0.000      163.465     1197.574
       4.385        0.000      163.465     1197.574
       4.385       19.282      163.465     1197.574
       4.386        0.000      163.465     1197.574
       4.386        0.000      163.465     1197.574
       4.402        0.000      163.465     1197.574
       4.402        0.000      163.465     1197.574
       4.421        0.000      163.465     1197.574
       4.421        0.000      163.465     1197.574
       4.436        0.000      163.465     1197.574
       4.437        0.000      163.465     1197.574
       4.448        0.000      163.465     1197.574
       4.449        0.000      163.465     1197.574
       4.450        0.000      163.465     1197.574
       4.450        0.000      163.465     1197.574
       4.467        0.000      163.465     1197.574
       4.468       18.746      163.465     1197.574
       4.479        0.000      163.465     1197.574
       4.479        0.000      163.465     1197.574
       4.480        0.000      163.465     1197.574
       4.480        0.000      163.465     1197.574
       4.481        0.000      163.465     1197.574
       4.481        0.000      163.465     1197.574
       4.482        0.000      163.465     1197.574
       4.515        0.000      163.465     1197.574
       4.516        0.000      163.465     1197.574
       4.524        0.000      163.465     1197.574
       4.525       20.410      163.465     1197.574
       4.525        0.000      163.465     1197.574
       4.526        0.000      163.465     1197.574
       4.558        0.000      163.465     1197.574
       4.558        0.000      163.465     1197.574
       4.575        0.000      163.465     1197.574
       4.575        0.000      163.465     1197.574
       4.576        0.000      163.465     1197.574
       4.576        0.000      163.465     1197.574
       4.577        0.000      163.465     1197.574
       4.577        0.000      163.465     1197.574
       4.594        0.000      163.465     1197.574
       4.599        0.000      163.465     1197.574
       4.600        0.000      163.465     1197.574
       4.600        0.000      163.465     1197.574
       4.601        0.000      163.465     1197.574
       4.601        0.000      163.465     1197.574
       4.616        0.000      163.465     1197.574
       4.627        0.912      163.465     1197.574
       4.627        0.000      163.465     1197.574
       4.628        0.000      163.465     1197.574
       4.628        0.000      163.465     1197.574
       4.650        0.000      163.465     1197.574
       4.653        0.000      163.465     1197.574
       4.653        0.000      163.465     1197.574
       4.654        0.000      163.465     1197.574
       4.654        0.000      163.465     1197.574
       4.655        0.000      163.465     1197.574
       4.675        0.000      163.465     1197.574
       4.676        0.000      163.465     1197.574
       4.676        0.000      163.465     1197.574
       4.677        0.000      163.465     1197.574
       4.677        0.000      163.465     1197.574
       4.678        0.000      163.465     1197.574
       4.678        0.000      163.465     1197.574
       4.715        0.000      163.465     1197.574
       4.715       20.409      163.465     1197.574
       4.716        0.000      163.465     1197.574
       4.716        0.000      163.465     1197.574
       4.726        0.000      163.465     1197.574
       4.738        0.000      163.465     1197.574
       4.738        0.000      163.465     1197.574
       4.743        0.000      163.465     1197.574
       4.743        0.000      163.465     1197.574
       4.744        0.000      163.465     1197.574
       4.744        0.000      163.465     1197.574
       4.745        0.000      163.465     1197.574
       4.745        0.000      163.465     1197.574
       4.746        0.000      163.465     1197.574
       4.746        0.000      163.465     1197.574
       4.770        0.000      163.465     1197.574
       4.775        0.000      163.465     1197.574
       4.776        0.000      163.465     1197.574
       4.776        0.000      163.465     1197.574
       4.777        0.000      163.465     1197.574
       4.777       20.587      163.465     1197.574
       4.778        0.000      163.465     1197.574
       4.789        0.000      163.465     1197.574
       4.789        0.000      163.465     1197.574
       4.799        0.000      163.465     1197.574
       4.800        0.000      163.465     1197.574
       4.800        0.000      163.465     1197.574
       4.801        0.000      163.465     1197.574
       4.801        0.000      163.465     1197.574
       4.820        0.000      163.465     1197.574
       4.820        0.000      163.465     1197.574
       4.830        0.000      163.465     1197.574
       4.833        0.000      163.465     1197.574
       4.834        0.000      163.465     1197.574
       4.834        0.000      163.465     1197.574
       4.843        0.000      163.465     1197.574
       4.844        0.000      163.465     1197.574
       4.844        0.000      163.465     1197.574
       4.845       20.494      163.465     1197.574
       4.845        0.000      163.465     1197.574
       4.846        0.000      163.465     1197.574
       4.846        0.000      163.465     1197.574
       4.847        0.000      163.465     1197.574
       4.869        0.000      163.465     1197.574
       4.870        0.000      163.465     1197.574
       4.880        0.000      163.465     1197.574
       4.881        0.000      163.465     1197.574
       4.881        0.000      163.465     1197.574
       4.882        0.000      163.465     1197.574
       4.882        0.000      163.465     1197.574
       4.891        0.000      163.465     1197.574
       4.892        0.000      163.465     1197.574
       4.892        0.000      163.465     1197.574
       4.893        0.000      163.465     1197.574
       4.893        0.000      163.465     1197.574
       4.894        0.000      163.465     1197.574
       4.894        0.000      163.465     1197.574
       4.926        0.297      163.465     1197.574
       4.928        0.000      163.465     1197.574
       4.929        0.000      163.465     1197.574
       4.936        0.000      163.465     1197.574
       4.936        0.000      163.465     1197.574
       4.937        0.000      163.465     1197.574
       4.937        0.000      163.465     1197.574
       4.938        0.000      163.465     1197.574
       4.938        0.000      163.465     1197.574
       4.956        0.000      163.465     1197.574
       4.957        0.000      163.465     1197.574
       4.957        0.000      163.465     1197.574
       4.958        0.000      163.465     1197.574
       4.958        0.000      163.465     1197.574
       4.972        0.000      163.465     1197.574
       4.973        0.000      163.465     1197.574
       4.973        0.000      163.465     1197.574
       4.974        0.000      163.465     1197.574
       4.974        0.000      163.465     1197.574
       4.999        0.000      163.465     1197.574
       5.000        0.000      163.465     1197.574
       5.000        0.000      163.465     1197.574
       5.013        0.000      163.465     1197.574
       5.014       20.461      163.465     1197.574
       5.014        0.000      163.465     1197.574
       5.023        0.000      163.465     1197.574
       5.024        0.000      163.465     1197.574
       5.024        0.000      163.465     1197.574
       5.025        0.000      163.465     1197.574
       5.025        0.000      163.465     1197.574
       5.026        0.000      163.465     1197.574
       5.026        0.000      163.465     1197.574
       5.051        0.000      163.465     1197.574
       5.052        0.000      163.465     1197.574
       5.052        0.000      163.465     1197.574
       5.063        0.000      163.465     1197.574
       5.064        0.000      163.465     1197.574
       5.069        0.000      163.465     1197.574
       5.075        0.000      163.465     1197.574
       5.076        0.000      163.465     1197.574
       5.080        0.000      163.465     1197.574
       5.080        0.000      163.465     1197.574
       5.081       20.494      163.465     1197.574
       5.081        0.000      163.465     1197.574
       5.082        0.000      163.465     1197.574
       5.082        0.000      163.465     1197.574
       5.111        0.000      163.465     1197.574
       5.111        0.000      163.465     1197.574
       5.112        0.000      163.465     1197.574
       5.112        0.000      163.465     1197.574
       5.113        0.000      163.465     1197.574
       5.113        0.000      163.465     1197.574
       5.114        0.000      163.465     1197.574
       5.114        0.000      163.465     1197.574
       5.150        0.000      163.465     1197.574
       5.155        0.000      163.465     1197.574
       5.156        0.000      163.465     1197.574
       5.167        0.000      163.465     1197.574
       5.168        0.000      163.465     1197.574
       5.169        0.000      163.465     1197.574
       5.195       17.944      163.465     1197.574
       5.195        0.000      163.465     1197.574
       5.196        0.000      163.465     1197.574
       5.196        0.000      163.465     1197.574
       5.208        0.000      163.465     1197.574
       5.209        0.000      163.465     1197.574
       5.210        0.000      163.547     1197.574
       5.222        0.000      163.547     1197.574
       5.230        0.000      163.547     1197.574
       5.231        0.000      163.547     1197.574
       5.239        0.000      163.547     1197.574
       5.243        0.000      163.547     1197.574
       5.256        0.000      163.547     1197.574
       5.256        0.000      163.547     1197.574
       5.257        0.000      163.547     1197.574
       5.257        0.000      163.547     1197.574
       5.258        0.000      163.547     1197.574
       5.281        0.000      163.547     1197.574
       5.283       20.052      163.547     1197.574
       5.284        0.000      163.547     1197.574
       5.300        0.000      163.547     1197.574
       5.300        0.000      163.547     1197.574
       5.313        0.000      163.547     1197.574
       5.321        0.000      163.547     1197.574
       5.322        0.000      163.547     1197.574
       5.335        0.000      163.547     1197.574
       5.335        0.000      163.547     1197.574
       5.336        0.000      163.547     1197.574
       5.336        0.000      163.547     1197.574
       5.337        0.000      163.547     1197.574
       5.337        0.000      163.547     1197.574
       5.338        0.000      163.547     1197.574
       5.373        0.000      163.547     1197.574
       5.377        0.000      163.547     1197.574
       5.378        0.000      163.547     1197.574
       5.378       20.498      163.547     1197.574
       5.397        0.000      163.547     1197.574
       5.398        0.000      163.547     1197.574
       5.398        0.000      163.547     1197.574
       5.419        0.000      163.547     1197.574
       5.421        0.000      163.547     1197.574
       5.422        0.000      163.547     1197.574
       5.422        0.000      163.547     1197.574
       5.431        0.000      163.547     1197.574
       5.432        0.000      163.547     1197.574
       5.432        0.000      163.547     1197.574
       5.433        0.000      163.547     1197.574
       5.433        0.000      163.547     1197.574
       5.434        0.000      163.547     1197.574
       5.434        0.000      163.547     1197.574
       5.469        0.000      163.547     1197.574
       5.470        0.000      163.547     1197.574
       5.470        0.000      163.547     1197.574
       5.476       20.073      163.547     1197.574
       5.477        0.000      163.547     1197.574
       5.477        0.000      163.547     1197.574
       5.478        0.000      163.547     1197.574
       5.478        0.000      163.547     1197.574
       5.495        0.000      163.547     1197.574
       5.496        0.000      163.547     1197.574
       5.496       20.492      163.547     1197.574
       5.497        0.000      163.547     1197.574
       5.497        0.000      163.547     1197.574
       5.498        0.000      163.547     1197.574
       5.498        0.000      163.547     1197.574
       5.517        0.000      163.547     1197.574
       5.517        0.000      163.547     1197.574
       5.518        0.000      163.547     1197.574
       5.518        0.000      163.547     1197.574
       5.539        0.000      163.547     1197.574
       5.539        0.000      163.547     1197.574
       5.540        0.000      163.547     1197.574
       5.540        0.000      163.547     1197.574
       5.541        0.000      163.547     1197.574
       5.541        0.000      163.547     1197.574
       5.542        0.000      163.547     1197.574
       5.559        0.000      163.547     1197.574
       5.567        0.000      163.547     1197.574
       5.567        0.000      163.547     1197.574
       5.568        0.000      163.547     1197.574
       5.568        0.000      163.547     1197.574
       5.569        0.000      163.547     1197.574
       5.579        0.000      163.547     1197.574
       5.580        0.000      163.547     1197.574
       5.580        0.000      163.547     1197.574
       5.581       20.643      163.547     1197.574
       5.581        0.000      163.547     1197.574
       5.582        0.000      163.547     1197.574
       5.582        0.000      163.547     1197.574
       5.618        0.000      163.547     1197.574
       5.624        0.000      163.547     1197.574
       5.624        0.000      163.547     1197.574
       5.630        0.000      163.547     1197.574
       5.630        0.000      163.547     1197.574
       5.639        0.000      163.547     1197.574
       5.639        0.000      163.547     1197.574
       5.640        0.000      163.547     1197.574
       5.640        0.000      163.547     1197.574
       5.666        0.000      163.547     1197.574
       5.671        0.000      163.547     1197.574
       5.672        0.000      163.547     1197.574
       5.672        0.000      163.547     1197.574
       5.673        0.000      163.547     1197.574
       5.673        0.000      163.547     1197.574
       5.690       17.439      163.547     1197.574
       5.696        0.000      163.547     1197.574
       5.696        0.000      163.547     1197.574
       5.697        0.000      163.547     1197.574
       5.697        0.000      163.547     1197.574
       5.698        0.000      163.547     1197.574
       5.698        0.000      163.547     1197.574
       5.714        0.000      163.547     1197.574
       5.719        0.000      163.547     1197.574
       5.720        0.000      163.547     1197.574
       5.720        0.000      163.547     1197.574
       5.721        0.000      163.547     1197.574
       5.721        0.000      163.547     1197.574
       5.722        0.000      163.547     1197.574
       5.722        0.000      163.547     1197.574
       5.748        0.000      163.547     1197.574
       5.749        0.000      163.547     1197.574
       5.749        0.000      163.547     1197.574
       5.750        0.000      163.547     1197.574
       5.750       20.537      163.547     1197.574
       5.751        0.000      163.547     1197.574
       5.770        0.000      163.547     1197.574
       5.770        0.000      163.547     1197.574
       5.777        0.000      163.547     1197.574
       5.778        0.000      163.547     1197.574
       5.778        0.000      163.547     1197.574
       5.793        0.000      163.547     1197.574
       5.793        0.000      163.547     1197.574
       5.794        0.000      163.547     1197.574
       5.794        0.000      163.547     1197.574
       5.804        0.000      163.547     1197.574
       5.805        0.000      163.547     1197.574
       5.811        0.000      163.547     1197.574
       5.815        0.000      163.547     1197.574
       5.819        0.000      163.547     1197.574
       5.820        0.000      163.547     1197.574
       5.820        0.000      163.547     1197.574
       5.821        0.000      163.547     1197.574
       5.821        0.000      163.547     1197.574
       5.822        0.000      163.547     1197.574
       5.822        0.000      163.547     1197.574
       5.846        0.000      163.547     1197.574
       5.848        0.000      163.547     1197.574
       5.849       20.463      163.547     1197.574
       5.849        0.000      163.547     1197.574
       5.850        0.000      163.547     1197.574
       5.860        0.000      163.547     1197.574
       5.867        0.000      163.547     1197.574
       5.867        0.000      163.547     1197.574
       5.868        0.000      163.547     1197.574
       5.868        0.000      163.547     1197.574
       5.869        0.000      163.547     1197.574
       5.886        0.000      163.547     1197.574
       5.886        0.000      163.547     1197.574
       5.892        0.000      163.547     1197.574
       5.895        0.000      163.547     1197.574
       5.895        0.000      163.547     1197.574
       5.899        0.000      163.547     1197.574
       5.899        0.000      163.547     1197.574
       5.900        0.000      163.547     1197.574
       5.919        0.000      163.547     1197.574
       5.920        0.000      163.547     1197.574
       5.920       20.506      163.547     1197.574
       5.921        0.000      163.547     1197.574
       5.921        0.000      163.547     1197.574
       5.922        0.000      163.547     1197.574
       5.922        0.000      163.547     1197.574
       5.948        3.821      163.547     1197.574
       5.948        0.000      163.547     1197.574
       5.951        0.000      163.547     1197.574
       5.951        0.000      163.547     1197.824
       5.955        0.000      163.547     1197.824
       5.956        0.000      163.547     1197.824
       5.956        0.000      163.547     1197.824
       5.957        0.000      163.547     1197.824
       5.957        0.000      163.547     1197.824
       5.958        0.000      163.547     1197.824
       5.981        0.000      163.547     1197.824
       5.981        0.000      163.547     1197.824
       5.982        0.000      163.547     1197.824
       5.982        0.000      163.547     1197.824
       5.992        0.000      163.547     1197.824
       6.001        1.068      163.547     1197.824
       6.002        0.000      163.547     1197.824
       6.002        0.000      163.547     1197.824
       6.009        0.000      163.547     1197.824
       6.011        0.000      163.547     1197.824
       6.011        0.000      163.547     1197.824
       6.020        0.000      163.547     1197.824
       6.027        0.000      163.547     1197.824
       6.028        0.000      163.547     1197.824
       6.030        0.000      163.547     1197.824
       6.030        0.000      163.547     1197.824
       6.043        0.000      163.547     1197.824
       6.043        0.000      163.547     1197.824
       6.044        0.000      163.547     1197.824
       6.044        0.000      163.547     1197.824
       6.045        0.000      163.547     1197.824
       6.045        0.000      163.547     1197.824
       6.046        0.000      163.547     1197.824
       6.046        0.423      163.547     1197.824
       6.070        0.000      163.547     1197.824
       6.095        0.000      163.547     1197.824
       6.096        0.000      163.547     1197.824
       6.096        0.000      163.547     1197.824
       6.097        0.000      163.547     1197.824
       6.097        0.000      163.547     1197.824
       6.097        0.000      163.547     1197.824
       6.115        0.000      163.547     1197.824
       6.116        0.000      163.547     1197.824
       6.127        0.000      163.547     1197.824
       6.127        0.000      163.547     1197.824
       6.128        0.000      163.547     1197.824
       6.157        0.000      163.547     1197.824
       6.158        0.000      163.547     1197.824
       6.165        0.000      163.547     1197.824
       6.165        0.000      163.547     1197.824
       6.166        0.000      163.547     1197.824
       6.166        0.000      163.547     1197.824
       6.193        0.000      163.547     1197.824
       6.219        0.000      163.547     1197.824
       6.220        0.000      163.547     1197.824
       6.227        0.000      163.547     1197.824
       6.227        0.000      163.547     1197.824
       6.228        0.000      163.547     1197.824
       6.228        0.000      163.547     1197.824
       6.229        0.000      163.547     1197.824
       6.253        0.000      163.547     1197.824
       6.254        0.000      163.547     1197.824
       6.254        0.795      163.547     1197.824
       6.267        0.000      163.547     1197.824
       6.267        0.000      163.547     1197.824
       6.268        0.000      163.547     1197.824
       6.268        0.000      163.547     1197.824
       6.269        0.000      163.547     1197.824
       6.269        0.000      163.547     1197.824
       6.291        0.000      163.547     1197.824
       6.292        0.000      163.547     1197.824
       6.292        0.000      163.547     1197.824
       6.310        0.000      163.547     1197.824
       6.321        0.000      163.547     1197.824
       6.321        0.000      163.547     1197.824
       6.322        0.000      163.547     1197.824
       6.322        0.000      163.547     1197.824
       6.322        0.000      163.547     1197.824
       6.333        0.000      163.547     1197.824
       6.343        0.000      163.547     1197.824
